
0.000000
0.008785
0.017880
0.027292
0.037024
0.047081
0.057470
0.068196
0.079263
0.090680
0.102451
0.114583
0.127083
0.139958
0.153216
0.166864
0.180910
0.195363
0.210231
0.225525
0.241254
0.257427
0.274056
0.291153
0.308729
0.326796
0.345369
0.364461
0.384086
0.404261
0.425003
0.446327
0.468254
0.490803
0.513995
0.537852
0.562397
0.587656
0.613656
0.640425
0.667993
0.696394
0.725662
0.755835
0.786952
0.819057
0.852196
0.886419
0.921780
0.958336
0.996150
1.035290
1.075830
1.117848
1.161433
1.206678
1.253688
1.302573
1.353460
1.406482
1.461790
1.519548
1.579938
1.643163
1.709446
1.779037
1.852216
1.929296
2.010628
2.096611
2.187694
2.284390
2.387283
2.497044
2.614448
2.740392
2.875920
3.022259
3.180856
3.353430
3.542044
3.749188
3.977902
4.231931
4.515947
4.835851
5.199207
5.615871
6.098931
6.666152
7.342265
8.162752
9.180408
10.477357
12.188709
14.553505
18.038445
23.693609
34.478314
63.216273
379.205515
-94.746082
-42.070373
-27.010852
-19.870494
-15.699798
-12.962711
-11.026743
-9.583760
-8.465688
-7.573055
-6.843233
-6.234824
-5.719367
-5.276651
-4.891928
-4.554184
-4.255029
-3.987959
-3.747851
-3.530621
-3.332970
-3.152203
-2.986099
-2.832812
-2.690792
-2.558731
-2.435517
-2.320195
-2.211947
-2.110062
-2.013925
-1.922994
-1.836797
-1.754918
-1.676986
-1.602674
-1.531691
-1.463777
-1.398697
-1.336241
-1.276221
-1.218466
-1.162821
-1.109145
-1.057311
-1.007203
-0.958714
-0.911747
-0.866212
-0.822029
-0.779121
-0.737420
-0.696862
-0.657387
-0.618941
-0.581473
-0.544937
-0.509288
-0.474488
-0.440497
-0.407281
-0.374807
-0.343045
-0.311966
-0.281544
-0.251753
-0.222571
-0.193975
-0.165945
-0.138462
-0.111508
-0.085065
-0.059118
-0.033652
-0.008651
0.015895
0.040002
0.063680
0.086940
0.109793
0.132250
0.154319
0.176009
0.197330
0.218288
0.238892
0.259149
0.279065
0.298647
0.317901
0.336833
0.355447
0.373751
0.391747
0.409441
0.426836
0.443936
0.460741
0.477243
0.493300
0.509730
0.525317
0.540721
0.555871
0.570761
0.585391
0.599763
0.613878
0.627740
0.641349
0.654709
0.667821
0.680688
0.693311
0.705692
0.717833
0.729736
0.741402
0.752833
0.764031
0.774997
0.785732
0.796239
0.806518
0.816571
0.826399
0.836003
0.845385
0.854545
0.863486
0.872207
0.880711
0.888998
0.897069
0.904926
0.912569
0.920000
0.927219
0.934227
0.941026
0.947616
0.953999
0.960175
0.966145
0.971910
0.977472
0.982830
0.987987
0.992942
0.997697
1.002253
1.006611
1.010771
1.014735
1.018503
1.022076
1.025456
1.028643
1.031639
1.034443
1.037058
1.039484
1.041722
1.043773
1.045639
1.047319
1.048815
1.050129
1.051261
1.052212
1.052983
1.053576
1.053991
1.054230
1.054294
1.054183
1.053899
1.053444
1.052817
1.052021
1.051057
1.049925
1.048627
1.047165
1.045539
1.043751
1.041802
1.039693
1.037426
1.035002
1.032422
1.029688
1.026801
1.023762
1.020573
1.017235
1.013751
1.010121
1.006349
1.002447
0.998317
0.994146
0.989811
0.985337
0.980726
0.975981
0.971103
0.966094
0.960957
0.955691
0.950300
0.944784
0.939146
0.933387
0.927508
0.921512
0.915400
0.909174
0.902836
0.896387
0.889829
0.883165
0.876395
0.869522
0.862547
0.855472
0.848300
0.841032
0.833669
0.826214
0.818669
0.811036
0.803316
0.795511
0.787624
0.779656
0.771609
0.763486
0.755288
0.747018
0.738676
0.730266
0.721789
0.713248
0.704644
0.695980
0.687257
0.678478
0.669644
0.660759
0.651823
0.642839
0.633810
0.624736
0.615622
0.606467
0.597276
0.588049
0.578789
0.569498
0.560179
0.550833
0.541463
0.532071
0.522659
0.513229
0.503783
0.494325
0.484855
0.475376
0.465890
0.456400
0.446908
0.437415
0.427925
0.418439
0.408960
0.399490
0.390030
0.380585
0.371154
0.361742
0.352349
0.342979
0.333634
0.324315
0.315026
0.305767
0.296542
0.287353
0.278203
0.269092
0.260024
0.251002
0.242026
0.233101
0.224229
0.215413
0.206662
0.198010
0.188841
0.180601
0.172111
0.163667
0.155288
0.146977
0.138738
0.130575
0.122488
0.114482
0.106558
0.098718
0.090965
0.083300
0.075727
0.068246
0.060861
0.053573
0.046385
0.039299
0.032316
0.025440
0.018672
0.012015
0.005469
-0.000961
-0.007275
-0.013470
-0.019544
-0.025494
-0.031320
-0.037018
-0.042587
-0.048024
-0.053328
-0.058496
-0.063526
-0.068416
-0.073165
-0.077769
-0.082227
-0.086537
-0.090697
-0.094705
-0.098558
-0.102254
-0.105792
-0.109169
-0.112384
-0.115434
-0.118317
-0.121031
-0.123573
-0.125943
-0.128138
-0.130155
-0.131992
-0.133649
-0.135121
-0.136408
-0.137506
-0.138415
-0.139131
-0.139653
-0.139978
-0.140105
-0.140030
-0.139752
-0.139268
-0.138577
-0.137675
-0.136561
-0.135232
-0.133686
-0.131921
-0.129933
-0.127721
-0.125282
-0.122613
-0.119712
-0.116576
-0.113203
-0.109590
-0.105734
-0.101632
-0.097281
-0.092679
-0.087822
-0.082708
-0.077333
-0.071693
-0.065787
-0.059609
-0.053157
-0.046428
-0.039417
-0.032120
-0.024534
-0.016655
0.000000