
2.893198
2.763723
2.590954
2.373697
2.111952
1.817190
1.492823
1.138655
0.766776
0.384680
-0.007992
-0.400372
-0.782028
-1.153422
-1.506568
-1.829678
-2.123254
-2.383402
-2.598777
-2.769840
-2.897385
-2.972235
-2.994743
-2.970268
-2.893198
-2.763723
-2.590954
-2.373697
-2.111952
-1.817190
-1.492823
-1.138655
-0.766776
-0.384680
0.007992
0.400372
0.782028
1.153422
1.506568
1.829678
2.123254
2.383402
2.598777
2.769840
2.897385
2.972235
2.994743
2.970268
2.893198
2.763723
2.590954
2.373697
2.111952
1.817190
1.492823
1.138655
0.766776
0.384680
-0.007992
-0.400372
-0.782028
-1.153422
-1.506568
-1.829678
-2.123254
-2.383402
-2.598777
-2.769840
-2.897385
-2.972235
-2.994743
-2.970268
-2.893198
-2.763723
-2.590954
-2.373697
-2.111952
-1.817190
-1.492823
-1.138655
-0.766776
-0.384680
0.007992
0.400372
0.782028
1.153422
1.506568
1.829678
2.123254
2.383402
2.598777
2.769840
2.897385
2.972235
2.994743
2.970268
2.893198
2.763723
2.590954
2.373697
2.111952
1.817190
1.492823
1.138655
0.766776
0.384680
-0.007992
-0.400372
-0.782028
-1.153422
-1.506568
-1.829678
-2.123254
-2.383402
-2.598777
-2.769840
-2.897385
-2.972235
-2.994743
-2.970268
-2.893198
-2.763723
-2.590954
-2.373697
-2.111952
-1.817190
-1.492823
-1.138655
-0.766776
-0.384680
0.007992
0.400372
0.782028
1.153422
1.506568
1.829678
2.123254
2.383402
2.598777
2.769840
2.897385
2.972235
2.994743
2.970268
2.893198
2.763723
2.590954
2.373697
2.111952
1.817190
1.492823
1.138655
0.766776
0.384680
-0.007992
-0.400372
-0.782028
-1.153422
-1.506568
-1.829678
-2.123254
-2.383402
-2.598777
-2.769840
-2.897385
-2.972235
-2.994743
-2.970268
-2.893198
-2.763723
-2.590954
-2.373697
-2.111952
-1.817190
-1.492823
-1.138655
-0.766776
-0.384680
0.007992
0.400372
0.782028
1.153422
1.506568
1.829678
2.123254
2.383402
2.598777
2.769840
2.897385
2.972235
2.994743
2.970268
2.893198
2.763723
2.590954
2.373697
2.111952
1.817190
1.492823
1.138655
0.766776
0.384680
-0.007992
-0.400372
-0.782028
-1.153422
-1.506568
-1.829678
-2.123254
-2.383402
-2.598777
-2.769840
-2.897385
-2.972235
-2.994743
-2.970268
-2.893198
-2.763723
-2.590954
-2.373697
-2.111952
-1.817190
-1.492823
-1.138655
-0.766776
-0.384680
0.007992
0.400372
0.782028
1.153422
1.506568
1.829678
2.123254
2.383402
2.598777
2.769840
2.897385
2.972235
2.994743
2.970268
2.893198
2.763723
2.590954
2.373697
2.111952
1.817190
1.492823
1.138655
0.766776
0.384680
-0.007992
-0.400372
-0.782028
-1.153422
-1.506568
-1.829678
-2.123254
-2.383402
-2.598777
-2.769840
-2.897385
-2.972235
-2.994743
-2.970268
-2.893198
-2.763723
-2.590954
-2.373697
-2.111952
-1.817190
-1.492823
-1.138655
-0.766776
-0.384680
0.007992
0.400372
0.782028
1.153422
1.506568
1.829678
2.123254
2.383402
2.598777
2.769840
2.897385
2.972235
2.994743
2.970268
2.893198
2.763723